cell_type	regdom_prop	num_HARs	num_hCONDELs	num_HARs_hCONDELs	num_HAQERs	num_genes_near_HARs	num_genes_near_hCONDELs	num_genes_near_HARs_hCONDELs	num_genes_near_HAQERs	prop_HARs	prop_hCONDELs	prop_HARs_hCONDELs	prop_HAQERs	pval_genes_near_HARs	pval_genes_near_hCONDELs	pval_genes_near_HARs_hCONDELs	pval_genes_near_HAQERs	pval_HARs	pval_hCONDELs	pval_HARs_hCONDELs	pval_HAQERs	padj_genes_near_HARs	padj_genes_near_hCONDELs	padj_genes_near_HARs_hCONDELs	padj_genes_near_HAQERs	padj_HARs	padj_hCONDELs	padj_HARs_hCONDELs	padj_HAQERs
Micro-PVM	0.0561369203544887	394	119	513	75	179	93	217	66	0.199554069119286	0.103678929765886	0.241917502787068	0.0735785953177258	1.31851125167103e-31	1.24050219122332e-14	5.8778541672087e-30	3.52805663066918e-06	7.11576660175831e-48	7.6401949327089e-10	5.92189267860019e-55	0.94324521771359	2.90072475367627e-30	2.7291048206913e-13	1.29312791678591e-28	7.40891892440528e-05	1.56546865238683e-46	7.6401949327089e-09	1.30281638929204e-53	1
Astro	0.10048497325398	522	199	721	184	303	174	415	155	0.0968051118210863	0.055591054313099	0.13258785942492	0.0495207667731629	5.95265808994894e-08	1.13495516366855e-05	8.23367141218999e-09	0.000196419747536197	5.43151451767523e-29	3.02130462738764e-13	2.18350514762332e-40	0.0213279152407581	1.1310050370903e-06	0.000238340584370395	1.646734282438e-07	0.00373197520318774	1.03198775835829e-27	5.74047879203652e-12	4.58536081000897e-39	0.127967491444549
Chandelier	0.100628982116141	534	178	712	179	308	163	420	151	0.090668236679423	0.0479835148660583	0.12363850456285	0.0444509861642626	5.84916480563776e-05	0.0209807556549197	5.41506066544912e-05	0.0326387400763002	6.77565752574594e-32	3.23801162110351e-08	5.88395986378012e-38	0.0542118465875365	0.0010528496650148	0.314711334823795	0.00092056031312635	0.326387400763002	1.42288808040665e-30	1.61900581055176e-07	1.17679197275602e-36	0.162635539762609
L5ET	0.0820557819110675	449	155	604	159	239	137	335	128	0.0844224655598728	0.0483927940657012	0.118332744613211	0.0452137054044507	0.0400505367587327	0.0329694367498875	0.0142474485795617	0.0394125962710582	2.79533686194536e-29	4.92246761479934e-09	2.11373919631618e-36	0.00512282115291227	0.60075805138099	0.461572114498425	0.213711728693426	0.354713366439524	5.59067372389072e-28	2.9534805688796e-08	4.01610447300074e-35	0.0461053903762104
Oligo	0.0976338458707029	502	186	688	146	290	164	401	136	0.0884685784014643	0.0500305064063453	0.122330689444783	0.0414887126296522	6.10438354453171e-05	0.00141088134834328	1.51831520848984e-05	0.148818194117455	7.53591598244556e-27	5.28114107196942e-11	4.62311221531905e-36	0.772074017223591	0.0010528496650148	0.025395864270179	0.000273296737528171	1	1.3564648768402e-25	6.3373692863633e-10	8.32160198757429e-35	1
L6IT	0.114002482492325	538	218	756	227	318	196	461	190	0.064765784114053	0.039918533604888	0.0938900203665988	0.0386965376782077	0.982079358538791	0.435743422123799	0.958759319312405	0.330196505694409	8.18059190254995e-21	5.12305115844569e-13	1.03510820601397e-31	0.000194433534988103	1	1	1	1	1.14528286635699e-19	9.22149208520224e-12	1.75968395022375e-30	0.00330537009479775
L6CT	0.114052636339124	538	212	750	206	319	191	460	174	0.0713486915678819	0.0427197494967569	0.102885260568106	0.0389174681279356	0.676743939536826	0.208156400936439	0.468678083994039	0.486419525378326	8.9382428497804e-21	1.56457836190049e-11	2.24621253948325e-30	0.0247537123229334	1	1	1	1	1.16197157047145e-19	2.34686754285073e-10	3.5939400631732e-29	0.127967491444549
L56NP	0.117339648314537	528	234	762	228	329	213	488	197	0.0723553991642841	0.0468440730151748	0.107323510006598	0.0433252694084011	0.337460982988085	0.0012578212240594	0.0241609136598441	0.0110741186557075	1.63196060118245e-16	6.07526459921112e-16	2.57382715748161e-29	0.000704559393591437	1	0.0238986032571286	0.338252791237817	0.166111779835612	1.30556848094596e-15	1.33655821182645e-14	3.86074073622242e-28	0.00986383151028012
L4IT	0.124833428837769	560	240	800	261	351	211	499	218	0.0671641791044776	0.0403750478377344	0.0954841178721776	0.0417145044010716	0.905852154386368	0.343263604849504	0.903562976571134	0.0258205002280486	2.67813934403404e-17	1.30673026357889e-14	3.49866111783761e-29	1.92021364193525e-06	1	1	1	0.284025502508535	2.67813934403404e-16	2.61346052715778e-13	4.89812556497265e-28	4.03244864806402e-05
L6ITCar3	0.120644199832307	549	225	774	254	336	201	487	216	0.0688806888068881	0.0412054120541205	0.0998359983599836	0.044280442804428	0.765518691827607	0.230470450989471	0.510731092439597	0.00181568286261914	4.06168668521596e-18	2.2456155999342e-12	2.73990595771518e-28	1.62729878090695e-06	1	1	1	0.0326822915271445	4.46785535373756e-17	3.81754651988814e-11	3.56187774502973e-27	3.58005731799529e-05
L23IT	0.1257363962056	554	243	797	242	356	221	519	204	0.0642947444464511	0.0399133104569261	0.0937330684486184	0.0368430558063934	0.993030518920216	0.402701778586896	0.969915946305307	0.670953752306242	1.1454338997572e-15	4.75883090496798e-15	1.13364923605432e-27	0.00079441986156772	1	1	1	1	8.0180372983004e-15	9.99354490043276e-14	1.36037908326518e-26	0.0103274582003804
OPC	0.059929295933765	333	111	444	129	189	93	243	100	0.111373011196229	0.0548025928108427	0.143193871538008	0.0589275191514437	3.49779594577531e-09	0.0041532853100958	1.1529452899613e-07	8.48459057785718e-06	1.22885552113424e-22	2.25416560739781e-06	4.31685766182887e-27	0.000316213761304512	6.99559189155062e-08	0.0706058502716286	2.19059605092647e-06	0.000169691811557144	1.96616883381478e-21	4.50833121479562e-06	4.74854342801176e-26	0.00474320641956768
Sst	0.117088600707491	543	206	749	242	323	188	456	201	0.0686503719447396	0.0399574920297556	0.0969181721572795	0.0427205100956429	0.786191776001678	0.437066438280264	0.808224135141261	0.0152957019838983	1.68850227726664e-19	3.14951189859181e-09	5.90597378874193e-27	1.07981214120353e-05	1	1	1	0.198844125790678	2.02620273271997e-18	2.20465832901427e-08	5.90597378874193e-26	0.000205164306828671
L5IT	0.12276041714917	549	226	775	255	347	210	508	217	0.0646664181885949	0.0391352963101006	0.094670145359672	0.040439806187104	0.988792868242086	0.57746719014785	0.945215902670509	0.0937004237887318	1.07259451344632e-16	6.82860120986803e-12	2.35059849559025e-26	4.15932626251844e-06	1	1	1	0.749603390309854	9.65335062101688e-16	1.09257619357888e-10	2.11553864603122e-25	8.31865252503688e-05
SstChodl	0.0435108160281115	271	76	347	86	128	63	162	65	0.146453089244851	0.0720823798627002	0.185354691075515	0.074370709382151	3.8699810915872e-11	0.000145279200459785	1.12709076937855e-10	1.05929167600869e-06	4.65513332711742e-25	0.000512103030963469	2.45633684737921e-26	0.0224508676904577	8.12696029233312e-10	0.0029055840091957	2.36689061569496e-09	2.33044168721912e-05	7.91372665609961e-24	0.000512103030963469	2.11553864603122e-25	0.127967491444549
Lamp5Lhx6	0.115291272640882	544	192	736	213	328	174	455	181	0.0799025578562728	0.0423873325213155	0.110840438489647	0.0440925700365408	0.0122212315814723	0.202656673384004	0.0101059599272143	0.0131095720844059	4.80733474167892e-21	5.64650447115624e-07	3.24002617752234e-26	0.00973376408012144	0.195539705303557	1	0.161695358835429	0.183534009181683	7.21100211251838e-20	1.69395134134687e-06	2.26801832426564e-25	0.0681363485608501
Lamp5	0.11243074041957	494	208	702	231	306	189	439	197	0.0690744920993228	0.0426636568848758	0.0990970654627539	0.0444695259593679	0.890552112174215	0.219688193234683	0.834996076216214	0.0099572270704703	9.41023033205099e-14	3.87180234041726e-11	1.55129715703985e-22	2.5832584840216e-05	1	1	1	0.159315633127525	5.00018341377244e-13	5.03334304254244e-10	9.3077829422391e-22	0.000464986527123888
L6b	0.102283798142453	457	192	649	200	278	176	410	169	0.0670525808007718	0.0424505547515678	0.0988904968644477	0.0407621804148577	0.965545363008032	0.251002765317014	0.847219960040475	0.219645269543669	8.33363902295406e-14	8.11347075684693e-11	2.4066295465472e-22	0.00115033979707478	1	1	1	1	5.00018341377244e-13	8.92481783253162e-10	1.2033147732736e-21	0.012860224109674
Pvalb	0.123074079424024	519	216	735	242	335	203	489	204	0.0654169107596173	0.0396406951767233	0.0954891622729936	0.0398359695371998	0.978042358716713	0.492822296714634	0.914614177636824	0.175747581977317	1.25290891948083e-11	1.43832823013353e-09	5.9635504555836e-19	0.00024277181246727	1	1	1	1	5.01163567792332e-11	1.15066258410682e-08	2.38542018223344e-18	0.00388434899947632
Pax6	0.0828355091318149	360	159	519	162	238	146	339	140	0.0798389802079839	0.0489768534048977	0.113720228111372	0.0469641060046964	0.15275007500627	0.0187846979744654	0.0586459705952641	0.00875490649230488	1.25188803153262e-09	1.01743098669485e-09	7.84862455167914e-17	0.00337738935521221	1	0.300555167591446	0.762397617738433	0.148833410369183	2.50377606306524e-09	9.15687888025365e-09	2.35458736550374e-16	0.0337738935521221
Sncg	0.100977448049605	436	175	611	198	278	160	395	164	0.0748519116855143	0.0430802369413032	0.106354334948842	0.0441572428648358	0.388394434346677	0.249617807471787	0.269086733514166	0.021440151024488	3.82277734468367e-11	1.66013751679335e-07	9.02359089265094e-17	0.00107168534247283	1	1	1	0.257281812293856	1.1468332034051e-10	6.6405500671734e-07	2.35458736550374e-16	0.012860224109674
Vip	0.118880299200541	482	218	700	221	325	205	481	188	0.0634641671548526	0.0400312438976762	0.0939269673891818	0.0367115797695763	0.996387949083418	0.410750485616403	0.966010852034989	0.704172622335455	1.3664991918416e-08	2.56282650358999e-11	1.07909900073977e-16	0.00656660732688492	1	1	1	1	1.3664991918416e-08	3.58795710502599e-10	2.35458736550374e-16	0.0525328586150794
